client_id: 2
epoch: 6
accuracy: 0.7802197802197802
feature_means: [1.2966612577438354, -0.3459063768386841, -1.2773125171661377, 0.9166666269302368, -0.4416324198246002, -0.7915245890617371, -0.8581647872924805, 1.0671225786209106, 0.0472768172621727, 0.20150211453437805, 0.5460242629051208, -0.03594619035720825, -0.047450628131628036, -0.11953488737344742, -1.0185500383377075, 0.261360228061676, 1.1789084672927856, 0.1578609049320221, -0.9927860498428345, 0.47054922580718994, 0.2261752188205719, -0.7120617628097534, 0.5866482257843018, 0.03968272730708122, 0.8596533536911011, 0.2953726053237915, -0.33282342553138733, -0.32407015562057495, -0.1451120376586914, 1.098180890083313, -1.1311134099960327, 1.0792053937911987, 0.8447518944740295, 0.3525193929672241, -0.608296811580658, 0.02428540028631687, -1.1762160062789917, 0.5501900315284729, 1.1823042631149292, 0.8786049485206604, 0.8520464301109314, -0.12610971927642822, -0.784788966178894, 0.5762172937393188, -1.1208984851837158, -0.5343993306159973, 1.8418614864349365, 1.2024017572402954, -0.12044715136289597, 1.0446405410766602, -0.27556905150413513, -0.5409606695175171, 0.49592527747154236, -1.0503076314926147, 0.3821023404598236, 1.518224835395813, 0.23455289006233215, 0.8880398869514465, -0.03542341664433479, -0.4380672574043274, 0.4506562650203705, 1.5493559837341309, -0.3902289867401123, -0.4524767994880676]
feature_stds: [0.41290128231048584, 0.34160903096199036, 0.3930225074291229, 0.44500961899757385, 0.30056944489479065, 0.34928151965141296, 0.3511224091053009, 0.38308990001678467, 0.31732550263404846, 0.2577807903289795, 0.2627923786640167, 0.3010987639427185, 0.2647459805011749, 0.2773219347000122, 0.35335516929626465, 0.2629320025444031, 0.36822590231895447, 0.2255188524723053, 0.36280718445777893, 0.3029269576072693, 0.2309269905090332, 0.32166358828544617, 0.27718469500541687, 0.35719791054725647, 0.360235333442688, 0.31561484932899475, 0.2731212377548218, 0.3113040626049042, 0.32219547033309937, 0.3120076358318329, 0.3512125015258789, 0.33245185017585754, 0.34158700704574585, 0.2994731366634369, 0.34121066331863403, 0.2880789041519165, 0.37219613790512085, 0.30218490958213806, 0.3747105598449707, 0.37570327520370483, 0.30561262369155884, 0.32169899344444275, 0.33683452010154724, 0.2948501706123352, 0.33718180656433105, 0.29471930861473083, 0.47908321022987366, 0.4082539975643158, 0.2949841618537903, 0.3774951100349426, 0.32828289270401, 0.3113032579421997, 0.28274333477020264, 0.34964218735694885, 0.3202268183231354, 0.34090861678123474, 0.3066236078739166, 0.33514899015426636, 0.3044809103012085, 0.31993818283081055, 0.3003360331058502, 0.36237743496894836, 0.32930988073349, 0.278147429227829]
class_distribution: [40, 142]
