client_id: 0
epoch: 9
accuracy: 0.6978021978021978
feature_means: [1.4079341888427734, -0.01754828542470932, -0.994778573513031, 0.5674145221710205, -0.5116884708404541, -0.4413357973098755, -0.6946236491203308, 0.7231224179267883, 0.08391321450471878, 0.22190865874290466, -0.31635603308677673, -0.3870301842689514, -1.2400140762329102, -0.1913871169090271, -1.4208890199661255, 0.9025870561599731, 0.9315026998519897, 0.09455525875091553, -1.0623704195022583, -0.05130914971232414, 0.3484708070755005, -0.21453557908535004, 0.3224269449710846, 0.13232815265655518, 1.3106752634048462, -0.09519822150468826, -0.7101283669471741, 0.02825990319252014, -0.2879272699356079, 1.621639370918274, -0.6665404438972473, 1.0970935821533203, 1.6688661575317383, 0.2684668302536011, -1.3069597482681274, 0.26805537939071655, -0.9599918723106384, 1.1084932088851929, 1.260575294494629, 1.587611436843872, 1.2140768766403198, 0.49433568120002747, -1.3994295597076416, 0.165737584233284, -1.3149222135543823, -0.7899035811424255, 1.8263531923294067, 1.9054003953933716, -0.4571731984615326, 1.152872920036316, -1.0726630687713623, -0.14953340590000153, 0.8532339334487915, -1.3642237186431885, 1.0183271169662476, 1.635565996170044, 0.1134120374917984, 1.3064788579940796, 0.36941248178482056, -0.9506829977035522, 0.931329071521759, 1.8370691537857056, -0.1397191435098648, -0.0825154185295105]
feature_stds: [0.27777761220932007, 0.22656233608722687, 0.2866209149360657, 0.25212955474853516, 0.22379820048809052, 0.2914715111255646, 0.29317817091941833, 0.24947088956832886, 0.3088131546974182, 0.23048438131809235, 0.2383330911397934, 0.29249683022499084, 0.24226045608520508, 0.24184897541999817, 0.32237377762794495, 0.29912254214286804, 0.26204827427864075, 0.2743185758590698, 0.2599164843559265, 0.2627054452896118, 0.23263217508792877, 0.3306952714920044, 0.2633143663406372, 0.20846252143383026, 0.24524681270122528, 0.24618950486183167, 0.2371925711631775, 0.2220657914876938, 0.2104962319135666, 0.2951601445674896, 0.23044386506080627, 0.25510358810424805, 0.28077074885368347, 0.2071811854839325, 0.3415372967720032, 0.2588690221309662, 0.24346062541007996, 0.28462302684783936, 0.32120823860168457, 0.3265627324581146, 0.25279533863067627, 0.2184801548719406, 0.3327304422855377, 0.23765435814857483, 0.290070503950119, 0.28485679626464844, 0.34932684898376465, 0.39784154295921326, 0.2804180681705475, 0.23977826535701752, 0.2964693307876587, 0.23671787977218628, 0.23658353090286255, 0.31250691413879395, 0.3082149922847748, 0.2973089814186096, 0.2444605678319931, 0.25393787026405334, 0.24366424977779388, 0.2480897307395935, 0.3047671616077423, 0.38988372683525085, 0.3053218126296997, 0.23528511822223663]
class_distribution: [55, 127]
