client_id: 0
epoch: 4
accuracy: 0.6978021978021978
feature_means: [0.7965307831764221, -0.7390621900558472, -0.8093861937522888, 0.9447974562644958, -0.010004584677517414, -1.2682751417160034, -0.27217450737953186, 1.3023382425308228, -0.02621251717209816, -0.2349463850259781, 0.6729501485824585, 0.6995503902435303, 0.12425848096609116, 0.7734041213989258, -0.657550036907196, -0.4429086148738861, 1.311492681503296, -0.31959298253059387, -0.5505550503730774, 0.8927388191223145, -0.07757063210010529, -0.5537558197975159, 0.8587837815284729, 0.1057547926902771, 0.8931261897087097, 0.9729046821594238, 0.12889641523361206, -0.44675639271736145, -0.5864554047584534, 0.710752546787262, -0.9679921865463257, 0.9914664030075073, 0.7663172483444214, 0.20920439064502716, -0.600152313709259, -0.08228890597820282, -0.8554646968841553, 0.26545995473861694, 0.7050214409828186, 0.8420867919921875, 1.7017769813537598, -0.42520251870155334, -0.46873462200164795, 0.15531307458877563, -0.7863913178443909, -0.22469627857208252, 1.574573040008545, 1.1731325387954712, -0.03160502761602402, 0.8472647070884705, -0.003693066770210862, -0.9707223176956177, 0.17356468737125397, -0.6978321075439453, 0.06287071853876114, 1.2577177286148071, 0.1176106259226799, 0.8193883299827576, -0.1100437119603157, -0.2240862101316452, -0.11221098899841309, 1.2218849658966064, -1.087569236755371, -0.48165667057037354]
feature_stds: [0.3715587258338928, 0.3696838915348053, 0.43182259798049927, 0.40544113516807556, 0.336366206407547, 0.4963717758655548, 0.3674483001232147, 0.4252379536628723, 0.3429885804653168, 0.38426971435546875, 0.3316533863544464, 0.4197303354740143, 0.27318352460861206, 0.3916813135147095, 0.34335777163505554, 0.3375527560710907, 0.4738740026950836, 0.3086441457271576, 0.40580347180366516, 0.37516212463378906, 0.3323829472064972, 0.4067835509777069, 0.3435738682746887, 0.31252041459083557, 0.3598235547542572, 0.40474992990493774, 0.30242711305618286, 0.4057774543762207, 0.39305219054222107, 0.3253615200519562, 0.44149109721183777, 0.4289919435977936, 0.3437904119491577, 0.338544636964798, 0.39121997356414795, 0.4227195084095001, 0.40031808614730835, 0.3776097893714905, 0.3953879177570343, 0.46706923842430115, 0.46026933193206787, 0.32215556502342224, 0.3285007178783417, 0.3775973618030548, 0.356111079454422, 0.3171665668487549, 0.5618166327476501, 0.4562341868877411, 0.33163249492645264, 0.36621999740600586, 0.3662440776824951, 0.4249958395957947, 0.335066556930542, 0.3976292312145233, 0.31961366534233093, 0.4448435604572296, 0.35130172967910767, 0.39850103855133057, 0.37142521142959595, 0.37956079840660095, 0.30959469079971313, 0.38634055852890015, 0.4098890721797943, 0.36899396777153015]
class_distribution: [55, 127]
