client_id: 0
epoch: 1
accuracy: 0.6978021978021978
feature_means: [0.06310896575450897, -0.5741062164306641, -0.11234626173973083, -0.33243563771247864, 0.1499553918838501, -0.2248302847146988, -0.1811782866716385, 0.1692153662443161, 0.2918378710746765, -0.42890042066574097, 0.5243319272994995, 0.42147237062454224, -0.2280241996049881, -0.025277389213442802, -0.2317882925271988, -0.4347672462463379, 0.5630888342857361, -0.47270819544792175, -0.20210735499858856, -0.3209896981716156, -0.04009713605046272, -0.12748736143112183, -0.18803143501281738, 0.5980628132820129, 0.06975987553596497, 0.36943671107292175, 0.3767935335636139, -0.28281763195991516, -0.05029395967721939, 0.2622206509113312, 0.29532796144485474, -0.08276083320379257, -0.12611274421215057, 0.18647563457489014, 0.09270206838846207, -0.8875597715377808, -0.10501747578382492, -1.009161353111267, -0.09513929486274719, -0.32161611318588257, 0.3857955038547516, -0.08096056431531906, -0.5148160457611084, 0.48830899596214294, -0.18499864637851715, -0.2591388523578644, 0.32346704602241516, 0.5334906578063965, 0.5195994973182678, 0.0017028349684551358, 0.09550527483224869, -0.3830338716506958, 0.4849504232406616, -0.2562585175037384, -0.22921426594257355, 0.4559067487716675, 0.2931041121482849, -0.3920903503894806, 0.18188421428203583, 0.21448980271816254, -0.0899391919374466, 0.4635632634162903, -0.07149939984083176, 0.23336955904960632]
feature_stds: [0.8323982954025269, 0.7612034678459167, 0.8983526229858398, 0.8598336577415466, 0.8697777986526489, 0.8362783789634705, 0.7570186853408813, 0.8899078369140625, 0.810617983341217, 0.8041608333587646, 0.7427345514297485, 0.7763418555259705, 0.682269275188446, 0.8106314539909363, 0.8801957368850708, 0.7813786268234253, 0.9219268560409546, 0.8339589238166809, 0.8342673182487488, 0.695559561252594, 0.6534194350242615, 0.8472554683685303, 0.7688034176826477, 0.7683147192001343, 0.6949867010116577, 0.7799211144447327, 0.6385666131973267, 0.6690379977226257, 0.8745891451835632, 0.701376736164093, 0.8400386571884155, 0.7224341034889221, 0.8139386177062988, 0.6844842433929443, 0.9746478796005249, 0.8555653691291809, 0.7198460698127747, 0.7088285088539124, 0.9451006650924683, 0.8720599412918091, 0.8764728903770447, 0.7334397435188293, 0.9382615685462952, 0.779698371887207, 0.8108108639717102, 0.7592779994010925, 0.865260660648346, 1.0311369895935059, 0.8376245498657227, 0.7000061869621277, 0.7882655262947083, 0.7757065892219543, 0.8641700744628906, 0.8402982354164124, 0.7463043332099915, 0.7276996970176697, 0.6760596632957458, 0.797926127910614, 0.7295097708702087, 0.848471999168396, 0.7021219730377197, 0.8231710195541382, 0.9375898241996765, 0.6960969567298889]
class_distribution: [55, 127]
