client_id: 1
epoch: 6
accuracy: 0.7142857142857143
feature_means: [1.3293983936309814, -0.36501210927963257, -1.2746020555496216, 0.8848671317100525, -0.42483383417129517, -0.8092708587646484, -0.9130250811576843, 1.098207712173462, 0.07249999046325684, 0.18083302676677704, 0.5809925198554993, -0.04950125515460968, -0.06786645203828812, -0.1134633719921112, -1.0301233530044556, 0.25235676765441895, 1.154268503189087, 0.159076526761055, -1.0062978267669678, 0.4944821894168854, 0.18637099862098694, -0.7453378438949585, 0.5630762577056885, 0.06350360810756683, 0.903367280960083, 0.2985852062702179, -0.3331713378429413, -0.30583882331848145, -0.17006412148475647, 1.1086317300796509, -1.1336532831192017, 1.083282232284546, 0.9049162864685059, 0.36383068561553955, -0.6365530490875244, 0.041489966213703156, -1.2107285261154175, 0.5538203120231628, 1.2116583585739136, 0.9017610549926758, 0.8438752293586731, -0.11870221048593521, -0.8202399015426636, 0.6445509791374207, -1.1673210859298706, -0.5361688137054443, 1.8441426753997803, 1.221978783607483, -0.18968148529529572, 1.0843154191970825, -0.2538934350013733, -0.557030975818634, 0.5187583565711975, -1.0628451108932495, 0.37818413972854614, 1.511144995689392, 0.20024102926254272, 0.9082833528518677, 0.028920264914631844, -0.4601764380931854, 0.41945022344589233, 1.5585347414016724, -0.36312153935432434, -0.44765448570251465]
feature_stds: [0.3818860948085785, 0.3203168511390686, 0.3809279501438141, 0.4267968237400055, 0.2998460829257965, 0.327112078666687, 0.2892431318759918, 0.3469657897949219, 0.3334446847438812, 0.24030105769634247, 0.22024329006671906, 0.30086222290992737, 0.2516397535800934, 0.2873903512954712, 0.3680616021156311, 0.2294246107339859, 0.3178403079509735, 0.23975799977779388, 0.34539052844047546, 0.2967563569545746, 0.2419765591621399, 0.27297428250312805, 0.29155537486076355, 0.3103138506412506, 0.3281766176223755, 0.33250176906585693, 0.2505437135696411, 0.3104090690612793, 0.3385181427001953, 0.2837768793106079, 0.3337177336215973, 0.31770020723342896, 0.33155524730682373, 0.2689155340194702, 0.3266041576862335, 0.25684189796447754, 0.35219961404800415, 0.3418061137199402, 0.3551098704338074, 0.370006263256073, 0.32180821895599365, 0.3077773451805115, 0.3164234161376953, 0.278887540102005, 0.32133957743644714, 0.28536954522132874, 0.4723716080188751, 0.398210734128952, 0.2655252516269684, 0.34891176223754883, 0.31676968932151794, 0.3112506866455078, 0.24381761252880096, 0.33924102783203125, 0.3084867298603058, 0.3741316795349121, 0.2987760007381439, 0.2965748906135559, 0.31867048144340515, 0.3332752585411072, 0.2799343764781952, 0.36577343940734863, 0.3122343122959137, 0.3039052486419678]
class_distribution: [52, 130]
