client_id: 0
epoch: 3
accuracy: 0.6978021978021978
feature_means: [0.5099383592605591, -0.8106244206428528, -0.7933676838874817, 0.3382742404937744, -0.0604737363755703, -0.9602747559547424, -0.46757227182388306, 1.1023736000061035, 0.05563660338521004, -0.6040095090866089, 0.9952480792999268, 0.8537212610244751, 0.45093560218811035, 0.5490960478782654, -0.6191531419754028, -0.4282417595386505, 0.9303656816482544, -0.4868278205394745, -0.6567075848579407, 0.666224479675293, -0.4630902111530304, -0.7028446197509766, 0.3837757706642151, 0.27224090695381165, 0.42904603481292725, 0.7690404653549194, 0.49029600620269775, -1.0172343254089355, 0.021689780056476593, 0.5989556908607483, -0.6582426428794861, 0.5959411859512329, 0.5941578149795532, 0.12064418941736221, -0.23676753044128418, -0.011282502673566341, -0.6712967753410339, 0.19653700292110443, 0.41306284070014954, 0.7843834161758423, 0.6557801961898804, -0.06321469694375992, -0.6750606298446655, 0.08136484026908875, -0.8881341218948364, -0.027610091492533684, 0.9481111168861389, 0.6374861598014832, 0.18006134033203125, 0.6963685750961304, 0.06758788228034973, -1.1299587488174438, 0.3217625319957733, -0.5977960228919983, -0.05708194151520729, 0.747266411781311, 0.6277542114257812, 0.5075238943099976, -0.6176049113273621, -0.09615828841924667, -0.2496577501296997, 0.7328540682792664, -1.0840458869934082, 0.22007562220096588]
feature_stds: [0.5516340732574463, 0.44320639967918396, 0.5052728652954102, 0.5909057259559631, 0.44509226083755493, 0.49057549238204956, 0.4846517741680145, 0.5413841605186462, 0.47649461030960083, 0.4596608281135559, 0.5427730679512024, 0.446083128452301, 0.4124828577041626, 0.4975532293319702, 0.4668360650539398, 0.45438075065612793, 0.5158324837684631, 0.4166647493839264, 0.4980038106441498, 0.5681689977645874, 0.4224454462528229, 0.5207610726356506, 0.4117327332496643, 0.42313024401664734, 0.5075801610946655, 0.5856752395629883, 0.45473727583885193, 0.5345340967178345, 0.5136281847953796, 0.47938576340675354, 0.5000367760658264, 0.4889476001262665, 0.45644721388816833, 0.46207159757614136, 0.469020277261734, 0.4495351314544678, 0.4360722005367279, 0.5332272052764893, 0.46014171838760376, 0.5759265422821045, 0.53751540184021, 0.4623780846595764, 0.48310327529907227, 0.47851040959358215, 0.49380236864089966, 0.4563870131969452, 0.5624512434005737, 0.48067963123321533, 0.4693926274776459, 0.510804295539856, 0.48414814472198486, 0.457002192735672, 0.47131821513175964, 0.49715185165405273, 0.4799177348613739, 0.45965200662612915, 0.47156840562820435, 0.4575565457344055, 0.5378842949867249, 0.4962151050567627, 0.44071394205093384, 0.5193343758583069, 0.5956677198410034, 0.4779447615146637]
class_distribution: [55, 127]
