client_id: 0
epoch: 8
accuracy: 0.6978021978021978
feature_means: [1.2627044916152954, -0.04129526764154434, -0.9778215289115906, 0.3044624924659729, -0.6638085246086121, -0.1632688194513321, -0.4938349425792694, 0.5408294200897217, 0.0861680656671524, 0.25584322214126587, -0.18491648137569427, -0.2340576946735382, -1.1216129064559937, -0.2398662120103836, -1.8565480709075928, 0.8957880735397339, 0.6363918781280518, 0.16925279796123505, -1.2939492464065552, 0.005468715447932482, 0.4487290382385254, -0.10235100239515305, 0.08017934113740921, 0.37787991762161255, 1.0912425518035889, 0.6387489438056946, -0.8458853960037231, 0.24485339224338531, -0.09497667849063873, 1.2427877187728882, -0.8229205012321472, 1.2078330516815186, 1.7312047481536865, 0.37895047664642334, -1.323022484779358, 0.1672883778810501, -1.1808768510818481, 0.8265840411186218, 1.3707915544509888, 1.8645848035812378, 1.017866611480713, 0.9268831610679626, -0.9998244643211365, 0.6018249988555908, -1.2069642543792725, -1.359885334968567, 1.9800822734832764, 1.911163330078125, -0.478182315826416, 1.3419851064682007, -0.3531379699707031, -0.574587881565094, 0.8996338248252869, -1.5949875116348267, 0.7729402184486389, 1.9356226921081543, -0.08038598299026489, 1.2003687620162964, 0.10395167768001556, -1.089637279510498, -0.006817042361944914, 1.9020256996154785, -0.368471622467041, -0.2726151943206787]
feature_stds: [0.40252676606178284, 0.20070548355579376, 0.24290430545806885, 0.2411159723997116, 0.20349600911140442, 0.22867579758167267, 0.24841944873332977, 0.22970935702323914, 0.2932538688182831, 0.2503379285335541, 0.24684470891952515, 0.212011456489563, 0.26453712582588196, 0.22353623807430267, 0.36119315028190613, 0.2497897446155548, 0.22717821598052979, 0.24539132416248322, 0.2988368272781372, 0.20230168104171753, 0.22510871291160583, 0.215917706489563, 0.26335251331329346, 0.2270980179309845, 0.22542575001716614, 0.2859097719192505, 0.2629525363445282, 0.23502182960510254, 0.28876131772994995, 0.28983086347579956, 0.2349422723054886, 0.27498018741607666, 0.323349267244339, 0.19001126289367676, 0.2766532897949219, 0.24382105469703674, 0.23949934542179108, 0.2598201632499695, 0.3132895529270172, 0.4179750680923462, 0.32173484563827515, 0.25419697165489197, 0.31068775057792664, 0.27421271800994873, 0.2695404291152954, 0.26750078797340393, 0.3871893882751465, 0.471955806016922, 0.23922155797481537, 0.28228655457496643, 0.2414570301771164, 0.31661456823349, 0.3152296543121338, 0.2782505452632904, 0.27401721477508545, 0.37883302569389343, 0.18535709381103516, 0.31481942534446716, 0.22971111536026, 0.29864364862442017, 0.2218681424856186, 0.3560795783996582, 0.24760811030864716, 0.1696115881204605]
class_distribution: [55, 127]
