client_id: 1
epoch: 5
accuracy: 0.7142857142857143
feature_means: [0.8123660087585449, -0.5395002961158752, -0.769584059715271, 0.7299588322639465, -0.38214191794395447, -0.8579760789871216, -0.7868530750274658, 0.8374176621437073, -0.12042682617902756, -0.46760743856430054, 0.6610349416732788, 0.731666088104248, -0.29754236340522766, 0.6125103831291199, -0.9215234518051147, 0.03672223165631294, 1.0380887985229492, 0.1180562973022461, -0.6537776589393616, 0.45854300260543823, -0.25056707859039307, -0.04717322811484337, 0.8060784935951233, -0.19007575511932373, 0.8568472266197205, 0.7464238405227661, 0.12116523087024689, -0.8913264870643616, -0.30002498626708984, 0.9991869926452637, -0.8274434804916382, 0.9358529448509216, 1.08676016330719, 0.19466561079025269, -0.6452965140342712, 0.007631803397089243, -0.8101773262023926, 0.6396883130073547, 0.8549985885620117, 0.6675897836685181, 0.6586771607398987, -0.0651434138417244, -0.6255500316619873, 0.3615645170211792, -0.7236760854721069, -0.42640748620033264, 1.384284257888794, 1.0766448974609375, 0.013767636381089687, 0.8753736615180969, -0.31889432668685913, -0.9680987596511841, 0.3969978392124176, -0.8602754473686218, 0.2983340919017792, 1.1156755685806274, 0.39644429087638855, 0.7258017659187317, -0.006828753277659416, -0.32079946994781494, -0.10823086649179459, 1.152062177658081, -1.0368940830230713, -0.38531917333602905]
feature_stds: [0.34318944811820984, 0.32056981325149536, 0.3860151767730713, 0.443032443523407, 0.3510856330394745, 0.43263956904411316, 0.35374975204467773, 0.3326954245567322, 0.2906396985054016, 0.29656463861465454, 0.298186719417572, 0.34081435203552246, 0.3069430887699127, 0.3510669469833374, 0.3521149456501007, 0.3277125954627991, 0.4234580397605896, 0.29652416706085205, 0.3189733922481537, 0.3689073920249939, 0.28255969285964966, 0.3713996708393097, 0.4041476845741272, 0.3191421329975128, 0.35094013810157776, 0.4098222851753235, 0.27532097697257996, 0.3780733644962311, 0.3119277060031891, 0.34330716729164124, 0.37848418951034546, 0.3792603313922882, 0.37100842595100403, 0.3058621287345886, 0.36144915223121643, 0.3168812692165375, 0.3956373333930969, 0.34275585412979126, 0.41833657026290894, 0.37454909086227417, 0.3926554322242737, 0.2745826840400696, 0.33865639567375183, 0.35144132375717163, 0.34141257405281067, 0.3086766302585602, 0.428568035364151, 0.43084800243377686, 0.2630893886089325, 0.34179189801216125, 0.33384862542152405, 0.42152440547943115, 0.3356821537017822, 0.3672020435333252, 0.2997453212738037, 0.33324581384658813, 0.25929898023605347, 0.3279021084308624, 0.3041875660419464, 0.3153287470340729, 0.2869393229484558, 0.4040023982524872, 0.4598560035228729, 0.32906872034072876]
class_distribution: [52, 130]
