client_id: 2
epoch: 9
accuracy: 0.7802197802197802
feature_means: [1.3802707195281982, -0.051114559173583984, -0.9690073132514954, 0.5835961699485779, -0.5195448994636536, -0.47685012221336365, -0.6410812735557556, 0.7543776631355286, 0.11747802793979645, 0.23081353306770325, -0.30836305022239685, -0.29404544830322266, -1.2435673475265503, -0.2588139772415161, -1.4069997072219849, 0.9374045133590698, 0.8949601650238037, 0.07147470861673355, -1.1057847738265991, -0.06002085655927658, 0.3258254826068878, -0.29880061745643616, 0.3013863265514374, 0.09466312825679779, 1.314615249633789, -0.11272463947534561, -0.7375502586364746, 0.04566944018006325, -0.288331001996994, 1.6385372877120972, -0.7086157202720642, 1.1189908981323242, 1.6247388124465942, 0.25296011567115784, -1.2619768381118774, 0.28989073634147644, -0.958921492099762, 1.0467402935028076, 1.3285071849822998, 1.5553191900253296, 1.1820858716964722, 0.5340134501457214, -1.357297420501709, 0.15415160357952118, -1.3172141313552856, -0.802785336971283, 1.8082270622253418, 1.8819628953933716, -0.435022234916687, 1.1432157754898071, -1.062750220298767, -0.16158095002174377, 0.8074464797973633, -1.3369523286819458, 0.9761906862258911, 1.5908373594284058, 0.06567253172397614, 1.3378883600234985, 0.3206658959388733, -0.9395664930343628, 0.9918733239173889, 1.8970584869384766, -0.13215602934360504, -0.09688309580087662]
feature_stds: [0.3171379566192627, 0.2622702121734619, 0.2445465326309204, 0.2638986110687256, 0.22777201235294342, 0.3094640374183655, 0.29190558195114136, 0.23728331923484802, 0.33833467960357666, 0.22266405820846558, 0.24294577538967133, 0.2926091253757477, 0.2462608814239502, 0.28371304273605347, 0.36256352066993713, 0.29283779859542847, 0.27152442932128906, 0.29357993602752686, 0.25715598464012146, 0.287366658449173, 0.2142535299062729, 0.3641505837440491, 0.2540035545825958, 0.2391183227300644, 0.27570492029190063, 0.24074092507362366, 0.23132143914699554, 0.2169162780046463, 0.19079208374023438, 0.311628520488739, 0.24374926090240479, 0.269717812538147, 0.2781989276409149, 0.20482520759105682, 0.37722259759902954, 0.23388080298900604, 0.25160881876945496, 0.3122245967388153, 0.3259935975074768, 0.3739723861217499, 0.29721346497535706, 0.2116629034280777, 0.3199407458305359, 0.2805686295032501, 0.3056492209434509, 0.28777986764907837, 0.3361596167087555, 0.3772934377193451, 0.30037954449653625, 0.24773775041103363, 0.2989755868911743, 0.22474715113639832, 0.29718971252441406, 0.3035799562931061, 0.3335152268409729, 0.3137546181678772, 0.2389829158782959, 0.26807069778442383, 0.2569960355758667, 0.21780328452587128, 0.28611913323402405, 0.39955878257751465, 0.27129873633384705, 0.21860043704509735]
class_distribution: [40, 142]
