client_id: 1
epoch: 8
accuracy: 0.7142857142857143
feature_means: [1.2939133644104004, -0.030304070562124252, -0.9782689809799194, 0.2881964445114136, -0.7090765237808228, -0.16291449964046478, -0.5121119022369385, 0.5675731301307678, 0.1460810750722885, 0.25065895915031433, -0.14590483903884888, -0.21950067579746246, -1.1333458423614502, -0.2287890464067459, -1.8427140712738037, 0.8664448261260986, 0.6156363487243652, 0.1956261843442917, -1.3309721946716309, -0.04315074905753136, 0.4626033902168274, -0.16241860389709473, 0.07736855000257492, 0.3582719564437866, 1.0841554403305054, 0.6291056275367737, -0.821195662021637, 0.2579692304134369, -0.09501766413450241, 1.231477975845337, -0.8164365291595459, 1.2109194993972778, 1.694063425064087, 0.40022310614585876, -1.3042123317718506, 0.17431460320949554, -1.1788195371627808, 0.8220921754837036, 1.3551453351974487, 1.9349744319915771, 1.0230578184127808, 0.9238580465316772, -0.9522364735603333, 0.5909154415130615, -1.219001054763794, -1.3940730094909668, 1.9968174695968628, 1.9100897312164307, -0.45514506101608276, 1.3476983308792114, -0.30749931931495667, -0.5931506156921387, 0.8992579579353333, -1.6304641962051392, 0.7787330746650696, 1.938747525215149, -0.08034353703260422, 1.2490171194076538, 0.08279360830783844, -1.10958993434906, -0.030708832666277885, 1.9407539367675781, -0.3904391825199127, -0.27719682455062866]
feature_stds: [0.3631237745285034, 0.21176570653915405, 0.2725233733654022, 0.2526201605796814, 0.20929600298404694, 0.24058374762535095, 0.24525704979896545, 0.24179743230342865, 0.26458248496055603, 0.24972942471504211, 0.2648375332355499, 0.1932218372821808, 0.2869446873664856, 0.1967119425535202, 0.39483851194381714, 0.27920305728912354, 0.23750527203083038, 0.2269759178161621, 0.29584360122680664, 0.21926023066043854, 0.23362794518470764, 0.2389034628868103, 0.26549381017684937, 0.24258190393447876, 0.2513764500617981, 0.31965434551239014, 0.2849351763725281, 0.20814034342765808, 0.2608298063278198, 0.3143323063850403, 0.24629627168178558, 0.27382349967956543, 0.3379034996032715, 0.19921936094760895, 0.25350311398506165, 0.22050848603248596, 0.2691499888896942, 0.25216197967529297, 0.3349262773990631, 0.372058629989624, 0.3129543960094452, 0.25965842604637146, 0.31294718384742737, 0.290059894323349, 0.2581356465816498, 0.269438773393631, 0.4184589684009552, 0.4431537985801697, 0.23841801285743713, 0.30713483691215515, 0.260367214679718, 0.25993114709854126, 0.33267343044281006, 0.27030429244041443, 0.2812877595424652, 0.36580339074134827, 0.19139526784420013, 0.30061110854148865, 0.22384239733219147, 0.2809312641620636, 0.23761621117591858, 0.33749160170555115, 0.23196043074131012, 0.1753794550895691]
class_distribution: [52, 130]
