client_id: 0
epoch: 5
accuracy: 0.6978021978021978
feature_means: [0.7968549728393555, -0.5481945872306824, -0.8515318036079407, 0.721920371055603, -0.3474210500717163, -0.8638563752174377, -0.8293870091438293, 0.8117700815200806, -0.07978469878435135, -0.4510074257850647, 0.6254358887672424, 0.7408501505851746, -0.2900707721710205, 0.6185478568077087, -0.8942955732345581, -0.033073265105485916, 1.1017290353775024, 0.08695731312036514, -0.658745288848877, 0.48305466771125793, -0.21606501936912537, 0.012507486157119274, 0.8347998261451721, -0.13386838138103485, 0.8150076270103455, 0.7394320964813232, 0.14217770099639893, -0.8643679022789001, -0.3110198676586151, 0.9527193903923035, -0.8325972557067871, 0.8967130780220032, 1.0800689458847046, 0.17435219883918762, -0.6177049279212952, 0.0498538501560688, -0.8307725787162781, 0.6405631899833679, 0.8869456052780151, 0.6677994132041931, 0.611699104309082, -0.03697624430060387, -0.6954749226570129, 0.3532380759716034, -0.7003808617591858, -0.37489789724349976, 1.366498589515686, 1.1487644910812378, 0.030135056003928185, 0.8826263546943665, -0.3682495355606079, -1.0558311939239502, 0.39517635107040405, -0.84517502784729, 0.3261762857437134, 1.1190881729125977, 0.41017642617225647, 0.7836629152297974, -0.05899083614349365, -0.37437760829925537, -0.11001996695995331, 1.1522170305252075, -1.058186411857605, -0.35272216796875]
feature_stds: [0.3664841949939728, 0.32399067282676697, 0.3367176651954651, 0.43251338601112366, 0.32520297169685364, 0.4419252574443817, 0.34926488995552063, 0.35456082224845886, 0.35952314734458923, 0.3640306890010834, 0.35003533959388733, 0.366074800491333, 0.29174575209617615, 0.3590914309024811, 0.353515625, 0.38016000390052795, 0.39522862434387207, 0.3298207223415375, 0.3020913004875183, 0.38714897632598877, 0.2870207726955414, 0.3607404828071594, 0.356982946395874, 0.3160497844219208, 0.36385470628738403, 0.4287489652633667, 0.2914469242095947, 0.4017654359340668, 0.3376631438732147, 0.35729414224624634, 0.41374140977859497, 0.3985292613506317, 0.3735995888710022, 0.3632153570652008, 0.37109413743019104, 0.29715174436569214, 0.3317948579788208, 0.33114489912986755, 0.45960456132888794, 0.390341192483902, 0.3827800750732422, 0.30013003945350647, 0.35076308250427246, 0.373275488615036, 0.33053046464920044, 0.31803348660469055, 0.5068486928939819, 0.4613758623600006, 0.30928465723991394, 0.35332122445106506, 0.35260865092277527, 0.4186486601829529, 0.31157931685447693, 0.3584374189376831, 0.30619892477989197, 0.3739926218986511, 0.26353755593299866, 0.3472423255443573, 0.3521323502063751, 0.3466390371322632, 0.3072078824043274, 0.3962957262992859, 0.4290257394313812, 0.3143862783908844]
class_distribution: [55, 127]
