client_id: 1
epoch: 4
accuracy: 0.7142857142857143
feature_means: [0.7748282551765442, -0.7315179109573364, -0.7098560333251953, 0.9659544825553894, -0.017850276082754135, -1.2220256328582764, -0.22507715225219727, 1.2137526273727417, 0.031398601830005646, -0.22126735746860504, 0.641087532043457, 0.6809346675872803, 0.12544025480747223, 0.7526248693466187, -0.6513735055923462, -0.4122961163520813, 1.2735626697540283, -0.27912402153015137, -0.542354166507721, 0.8403095602989197, -0.15523308515548706, -0.5658882260322571, 0.8605614900588989, 0.1207684874534607, 0.8561640977859497, 0.9570731520652771, 0.0962514653801918, -0.44553157687187195, -0.543506920337677, 0.6740598082542419, -1.0139617919921875, 0.9277205467224121, 0.6944097280502319, 0.17191730439662933, -0.6082032918930054, -0.12491095066070557, -0.7946285009384155, 0.2777957618236542, 0.7403619885444641, 0.8447268009185791, 1.6337602138519287, -0.3488673269748688, -0.460834801197052, 0.12695811688899994, -0.7211438417434692, -0.2112409621477127, 1.5451737642288208, 1.141038417816162, -0.07055795937776566, 0.8384370803833008, 0.007859253324568272, -0.9215956330299377, 0.1629410684108734, -0.6799448132514954, 0.07900529354810715, 1.220049262046814, 0.13331712782382965, 0.7666622400283813, -0.06068110838532448, -0.26848697662353516, -0.1016097143292427, 1.2314660549163818, -1.0488684177398682, -0.4380110502243042]
feature_stds: [0.4052574634552002, 0.3735909163951874, 0.4161110818386078, 0.45238402485847473, 0.3301103413105011, 0.5081355571746826, 0.38173261284828186, 0.4989614188671112, 0.3871733248233795, 0.43874120712280273, 0.37378209829330444, 0.37714287638664246, 0.3059597909450531, 0.43101203441619873, 0.3784838318824768, 0.3755272626876831, 0.4588052034378052, 0.35130447149276733, 0.4180648922920227, 0.39253324270248413, 0.36578845977783203, 0.45513859391212463, 0.37395617365837097, 0.3861894905567169, 0.3922702670097351, 0.5015613436698914, 0.29611021280288696, 0.36278900504112244, 0.4267383813858032, 0.39671438932418823, 0.3990536630153656, 0.48594930768013, 0.34918469190597534, 0.3674376904964447, 0.36760976910591125, 0.40853843092918396, 0.4063799977302551, 0.40482020378112793, 0.3900943398475647, 0.4577755331993103, 0.5492964386940002, 0.31574514508247375, 0.4122428894042969, 0.4085657298564911, 0.36536240577697754, 0.3282429575920105, 0.4983290433883667, 0.4954946041107178, 0.3641192615032196, 0.38035744428634644, 0.401224285364151, 0.44384536147117615, 0.3644811809062958, 0.4223792850971222, 0.36029285192489624, 0.4574032127857208, 0.36608773469924927, 0.3827122449874878, 0.40446487069129944, 0.3675566017627716, 0.3444201350212097, 0.41233885288238525, 0.4438084065914154, 0.35575899481773376]
class_distribution: [52, 130]
