client_id: 1
epoch: 2
accuracy: 0.7142857142857143
feature_means: [0.2970130145549774, -0.4083004295825958, -0.3907347321510315, 0.5425177812576294, 0.5796394348144531, -0.3794621527194977, -0.08810630440711975, 0.8147286176681519, -0.2572448253631592, -0.3199911117553711, 0.8917129039764404, 0.8201353549957275, 0.08318040519952774, 0.5301721692085266, 0.17515631020069122, -0.6712691187858582, 0.6631795167922974, -0.5918272137641907, -0.15023572742938995, -0.15377594530582428, -0.14120885729789734, -0.6245113015174866, 0.32883724570274353, 0.13878916203975677, 0.29036322236061096, 0.7349420189857483, 0.4089009165763855, -0.5948471426963806, 0.1855410635471344, 0.29452669620513916, -0.24867267906665802, 0.5470292568206787, 0.14242255687713623, 0.5652458071708679, -0.37760645151138306, -0.7872521281242371, -0.1963193714618683, -0.3530265986919403, 0.30425357818603516, 0.3337893784046173, 0.3142496943473816, -0.5126953721046448, -0.27668219804763794, -0.10841843485832214, 0.007516668178141117, 0.16429349780082703, 1.0340269804000854, 0.35919490456581116, 0.725577712059021, 0.7477120757102966, 0.8345656991004944, -0.448540061712265, -0.036715954542160034, -0.9763490557670593, -0.45422446727752686, 0.7953909635543823, 0.9134299159049988, 0.8872384428977966, -0.6782205700874329, 0.6176455616950989, -0.3199218809604645, 0.547024130821228, -0.6577883958816528, -0.029463395476341248]
feature_stds: [0.576647162437439, 0.5628126859664917, 0.5300801396369934, 0.6859015822410583, 0.6860730051994324, 0.6027799248695374, 0.5729145407676697, 0.6471002697944641, 0.5862351655960083, 0.5490453839302063, 0.5423730611801147, 0.6118360161781311, 0.5871780514717102, 0.6082181930541992, 0.5494002103805542, 0.6080260872840881, 0.6741250157356262, 0.5927926301956177, 0.6148568391799927, 0.49704229831695557, 0.4713166356086731, 0.6715230345726013, 0.634166419506073, 0.5665844678878784, 0.5936336517333984, 0.6739888191223145, 0.609494686126709, 0.5546493530273438, 0.5380102396011353, 0.5622152090072632, 0.6131643056869507, 0.553361177444458, 0.5455051064491272, 0.6230608224868774, 0.5791062712669373, 0.5639607310295105, 0.5398016571998596, 0.6575429439544678, 0.61502605676651, 0.6530559062957764, 0.7511597275733948, 0.5800838470458984, 0.6209622621536255, 0.725701093673706, 0.5278308987617493, 0.5895277857780457, 0.5595820546150208, 0.5594982504844666, 0.6091763377189636, 0.5829533338546753, 0.6496387720108032, 0.5938859581947327, 0.6787998676300049, 0.6505401730537415, 0.5878424644470215, 0.5613066554069519, 0.6326624751091003, 0.6031640768051147, 0.6326662302017212, 0.680936872959137, 0.5342099070549011, 0.5316219925880432, 0.6187956929206848, 0.5920825004577637]
class_distribution: [52, 130]
