client_id: 1
epoch: 3
accuracy: 0.7142857142857143
feature_means: [0.5338262915611267, -0.8083433508872986, -0.8237898945808411, 0.29980820417404175, -0.06765004247426987, -0.8614106774330139, -0.42995700240135193, 1.0371074676513672, 0.012973439879715443, -0.6215656995773315, 1.019899845123291, 0.8844931721687317, 0.43465402722358704, 0.6350172758102417, -0.571975588798523, -0.47953036427497864, 0.8745974898338318, -0.466943621635437, -0.6145285964012146, 0.7810844779014587, -0.4276954233646393, -0.6979742646217346, 0.3331126272678375, 0.247740238904953, 0.4946517050266266, 0.7528544068336487, 0.37974539399147034, -1.0970516204833984, 0.023661961778998375, 0.5536996126174927, -0.6849977970123291, 0.6141669154167175, 0.6284821629524231, 0.10438399016857147, -0.22826272249221802, -0.0009597695316188037, -0.6508365273475647, 0.2531345784664154, 0.3752793073654175, 0.7985284924507141, 0.6883014440536499, -0.033262114971876144, -0.713998556137085, 0.1441352218389511, -0.8790432214736938, -0.1082659587264061, 1.042367696762085, 0.6924723386764526, 0.2567031681537628, 0.6370169520378113, 0.11906436085700989, -1.1568350791931152, 0.3631242513656616, -0.5944727659225464, -0.1053571105003357, 0.757762610912323, 0.6559443473815918, 0.5031964182853699, -0.6794747710227966, -0.0631340965628624, -0.29844409227371216, 0.7455475330352783, -1.001438856124878, 0.1356896460056305]
feature_stds: [0.5283376574516296, 0.48311054706573486, 0.5064483284950256, 0.5224660634994507, 0.466625452041626, 0.573989987373352, 0.5342514514923096, 0.5399439930915833, 0.43650519847869873, 0.47966668009757996, 0.4877625107765198, 0.43759065866470337, 0.38506773114204407, 0.4662826955318451, 0.4460333585739136, 0.4648287296295166, 0.513007402420044, 0.5000722408294678, 0.4697340130805969, 0.5014784932136536, 0.4523017108440399, 0.4954517185688019, 0.4196869432926178, 0.3947705328464508, 0.4907015562057495, 0.49379855394363403, 0.4556615948677063, 0.5416883826255798, 0.436314195394516, 0.47510913014411926, 0.5506890416145325, 0.5047404766082764, 0.44010496139526367, 0.4050193727016449, 0.5577356815338135, 0.4854755699634552, 0.40594449639320374, 0.5637763738632202, 0.5053554177284241, 0.5344114303588867, 0.5181035399436951, 0.4577418267726898, 0.49298691749572754, 0.5001824498176575, 0.4570567011833191, 0.4521549940109253, 0.5252496004104614, 0.4649645984172821, 0.4967959523200989, 0.5126436948776245, 0.5691593885421753, 0.48789477348327637, 0.5388675928115845, 0.5282294750213623, 0.4892376959323883, 0.5044556260108948, 0.4918990731239319, 0.4704419672489166, 0.5022037029266357, 0.4709238111972809, 0.4356832504272461, 0.4567157030105591, 0.6095291376113892, 0.4539548456668854]
class_distribution: [52, 130]
