client_id: 0
epoch: 7
accuracy: 0.6978021978021978
feature_means: [1.334915280342102, -0.3483160734176636, -0.7341120839118958, 0.8489736914634705, -0.6470725536346436, -1.1816619634628296, -0.8066378831863403, 0.6287629008293152, -0.10795814543962479, -0.2057333141565323, 0.08765783160924911, 0.006768687628209591, -0.6702407598495483, -0.26976752281188965, -0.9029853940010071, 0.21285861730575562, 0.8726047873497009, 0.19093339145183563, -0.5105515122413635, 0.009140443988144398, 0.10959936678409576, -0.3928813338279724, 0.4730324447154999, -0.12268314510583878, 1.4847416877746582, 0.4316517412662506, -0.3971240818500519, -0.3291325867176056, -0.26033613085746765, 1.2421001195907593, -0.9177943468093872, 1.317671537399292, 1.0718110799789429, -0.05628237500786781, -0.794295072555542, 0.46355965733528137, -1.213020920753479, 0.6677497625350952, 1.1237872838974, 1.2400096654891968, 0.8381122946739197, 0.5473954677581787, -1.0524035692214966, 0.47515398263931274, -1.4391088485717773, -0.9816129207611084, 1.640523076057434, 1.4968340396881104, -0.19812405109405518, 1.2209044694900513, -0.5277696251869202, -0.8780756592750549, 0.7364419102668762, -1.0066181421279907, -0.0152833741158247, 1.079583764076233, -0.3158678114414215, 0.9634028077125549, 0.10359993577003479, -1.0232408046722412, 0.4626823365688324, 1.3038591146469116, -0.42410704493522644, -0.17768250405788422]
feature_stds: [0.340922474861145, 0.2601604163646698, 0.29847845435142517, 0.33371272683143616, 0.26898136734962463, 0.3250744640827179, 0.2764417827129364, 0.27852684259414673, 0.274912565946579, 0.2342887669801712, 0.2473740428686142, 0.2813836932182312, 0.28402453660964966, 0.2582324743270874, 0.2952265739440918, 0.2159358263015747, 0.3419894278049469, 0.2915034592151642, 0.3009255528450012, 0.2869115173816681, 0.22143356502056122, 0.3255348801612854, 0.21998924016952515, 0.3226001262664795, 0.31124499440193176, 0.2923944294452667, 0.2755160629749298, 0.25847128033638, 0.24421454966068268, 0.30180972814559937, 0.30425775051116943, 0.36783379316329956, 0.30244940519332886, 0.2335602194070816, 0.26315420866012573, 0.2627999782562256, 0.33719444274902344, 0.29448872804641724, 0.29903867840766907, 0.37970060110092163, 0.3281126916408539, 0.25990885496139526, 0.4230077564716339, 0.2629014253616333, 0.36864662170410156, 0.28603285551071167, 0.4396926164627075, 0.4106731712818146, 0.27116507291793823, 0.32251688838005066, 0.29426950216293335, 0.29064083099365234, 0.26138022541999817, 0.2970782220363617, 0.2743837535381317, 0.36712846159935, 0.25544336438179016, 0.36454617977142334, 0.25611546635627747, 0.344868540763855, 0.29643380641937256, 0.3593754768371582, 0.273948073387146, 0.2273760288953781]
class_distribution: [55, 127]
