client_id: 0
epoch: 2
accuracy: 0.6978021978021978
feature_means: [0.36638402938842773, -0.39021044969558716, -0.46438753604888916, 0.5540900230407715, 0.5494213104248047, -0.36617693305015564, -0.12162525206804276, 0.7576693892478943, -0.2391776442527771, -0.2845444679260254, 0.8443278074264526, 0.8129375576972961, 0.06708156317472458, 0.572088360786438, 0.13846886157989502, -0.7113022804260254, 0.7268499732017517, -0.6523743867874146, -0.04909179359674454, -0.20614150166511536, -0.22857946157455444, -0.7880749702453613, 0.24755947291851044, 0.1127796396613121, 0.3430987000465393, 0.6466773152351379, 0.4808906018733978, -0.5429872274398804, 0.21599912643432617, 0.30900701880455017, -0.3001912832260132, 0.45298242568969727, 0.1322576254606247, 0.6578842997550964, -0.2994549870491028, -0.770898699760437, -0.24523775279521942, -0.4137425720691681, 0.2641976475715637, 0.3670482337474823, 0.3134225010871887, -0.7267335057258606, -0.2653634548187256, -0.16391253471374512, -0.014261561445891857, 0.12253331393003464, 0.9751940965652466, 0.3831844925880432, 0.7826531529426575, 0.9461627006530762, 0.8471251130104065, -0.5063112378120422, -0.06329081952571869, -1.0436623096466064, -0.511768639087677, 0.8073472380638123, 0.9279749393463135, 0.8693143129348755, -0.7137288451194763, 0.7165289521217346, -0.2476876676082611, 0.6014265418052673, -0.6532464027404785, 0.08695142716169357]
feature_stds: [0.5850273370742798, 0.6380847096443176, 0.5500645041465759, 0.6443824768066406, 0.6775824427604675, 0.5391976833343506, 0.5294898152351379, 0.6162933111190796, 0.5481886863708496, 0.5558065176010132, 0.5555660128593445, 0.587077260017395, 0.5340900421142578, 0.5996865034103394, 0.5596892237663269, 0.5745906829833984, 0.6435635685920715, 0.5651894211769104, 0.5256515741348267, 0.4823768734931946, 0.5194021463394165, 0.7005000114440918, 0.6283868551254272, 0.5547916889190674, 0.5102935433387756, 0.6744856238365173, 0.5858309268951416, 0.5930268168449402, 0.5475605726242065, 0.5213759541511536, 0.6079434752464294, 0.5641865134239197, 0.539883553981781, 0.5340867638587952, 0.6208757162094116, 0.5411997437477112, 0.5312022566795349, 0.5812861323356628, 0.5995285511016846, 0.6420831084251404, 0.6961156725883484, 0.5831891298294067, 0.5817733407020569, 0.6791766285896301, 0.5484850406646729, 0.6328887343406677, 0.6095535159111023, 0.5581219792366028, 0.6004817485809326, 0.5861272811889648, 0.6280277371406555, 0.6094900369644165, 0.6996465921401978, 0.6713834404945374, 0.5892989039421082, 0.5397495031356812, 0.6719121336936951, 0.653905987739563, 0.6195414066314697, 0.5908286571502686, 0.5025020241737366, 0.5785385370254517, 0.7117085456848145, 0.5336969494819641]
class_distribution: [55, 127]
