client_id: 1
epoch: 7
accuracy: 0.7142857142857143
feature_means: [1.3140480518341064, -0.31467166543006897, -0.7309578061103821, 0.8329457640647888, -0.6991440057754517, -1.1742753982543945, -0.8434515595436096, 0.665905773639679, -0.06580883264541626, -0.25331076979637146, 0.11700813472270966, 0.047415342181921005, -0.6676265001296997, -0.2713225185871124, -0.8926539421081543, 0.221690833568573, 0.8284888863563538, 0.19163203239440918, -0.5304216146469116, -0.017063263803720474, 0.1363515555858612, -0.34668439626693726, 0.47224345803260803, -0.11345408856868744, 1.529046893119812, 0.40860623121261597, -0.44784894585609436, -0.3194256126880646, -0.283149778842926, 1.279533863067627, -0.9258689284324646, 1.3561748266220093, 1.1035398244857788, -0.05500146746635437, -0.8292343616485596, 0.4760045111179352, -1.2139153480529785, 0.688504695892334, 1.1289366483688354, 1.246307611465454, 0.8491893410682678, 0.5704748630523682, -1.010288953781128, 0.5075816512107849, -1.5373332500457764, -0.9989731311798096, 1.6917548179626465, 1.5169711112976074, -0.1401861160993576, 1.2239102125167847, -0.530052125453949, -0.9317259192466736, 0.6909430623054504, -1.0209413766860962, -0.002849082462489605, 1.0521663427352905, -0.2821318805217743, 1.0035446882247925, 0.17836973071098328, -1.0424213409423828, 0.4959888756275177, 1.3056303262710571, -0.3988793194293976, -0.13419078290462494]
feature_stds: [0.36385345458984375, 0.264167845249176, 0.30709928274154663, 0.3165315091609955, 0.28264299035072327, 0.34862011671066284, 0.27295997738838196, 0.26722103357315063, 0.2608114182949066, 0.26002177596092224, 0.21897800266742706, 0.23138561844825745, 0.28616413474082947, 0.2430589199066162, 0.3464210629463196, 0.20923130214214325, 0.2826285660266876, 0.2614709138870239, 0.307505339384079, 0.28293246030807495, 0.24021148681640625, 0.29777371883392334, 0.23321782052516937, 0.3285161256790161, 0.3471433222293854, 0.2525245249271393, 0.2751803398132324, 0.2778101861476898, 0.23089773952960968, 0.3120131492614746, 0.2930470407009125, 0.33317142724990845, 0.3247342109680176, 0.2147071808576584, 0.2710338234901428, 0.24306681752204895, 0.3904656767845154, 0.28510746359825134, 0.31829461455345154, 0.419197142124176, 0.3221111595630646, 0.29069676995277405, 0.39734190702438354, 0.2524570822715759, 0.36167648434638977, 0.29419323801994324, 0.4627751111984253, 0.3725951015949249, 0.27853187918663025, 0.32954171299934387, 0.29659557342529297, 0.3173765242099762, 0.2502649128437042, 0.283378928899765, 0.2561247646808624, 0.327012300491333, 0.22869636118412018, 0.34054073691368103, 0.22990480065345764, 0.38019439578056335, 0.2926649749279022, 0.34927859902381897, 0.24842019379138947, 0.2517489790916443]
class_distribution: [52, 130]
