client_id: 0
epoch: 6
accuracy: 0.6978021978021978
feature_means: [1.3072178363800049, -0.39375975728034973, -1.2916162014007568, 0.8730161786079407, -0.44439566135406494, -0.8354116678237915, -0.8811322450637817, 1.0638147592544556, 0.04958328232169151, 0.2306569516658783, 0.5440657138824463, -0.09397589415311813, -0.09418394416570663, -0.1768709272146225, -1.0370537042617798, 0.2911324203014374, 1.1263424158096313, 0.1415635198354721, -0.9177054762840271, 0.5286638736724854, 0.23265157639980316, -0.7504783272743225, 0.5953006148338318, 0.04709697142243385, 0.907069206237793, 0.2861544191837311, -0.3382805287837982, -0.337919682264328, -0.2279457449913025, 1.0837688446044922, -1.0969057083129883, 1.0566716194152832, 0.890606701374054, 0.3377785384654999, -0.579312801361084, 0.07819295674562454, -1.2255315780639648, 0.5308756232261658, 1.1821192502975464, 0.887892484664917, 0.8179642558097839, -0.1376166045665741, -0.8073462247848511, 0.6175704598426819, -1.1494908332824707, -0.5303581953048706, 1.8600748777389526, 1.2252229452133179, -0.1684858202934265, 1.0502616167068481, -0.20552994310855865, -0.5495620369911194, 0.4909558594226837, -1.0564113855361938, 0.42839565873146057, 1.4645097255706787, 0.22810770571231842, 0.8733792304992676, 0.06332723051309586, -0.45496803522109985, 0.41415417194366455, 1.497344970703125, -0.39259985089302063, -0.41860634088516235]
feature_stds: [0.3699950873851776, 0.29635027050971985, 0.35642141103744507, 0.39699727296829224, 0.2869371771812439, 0.32072246074676514, 0.30999690294265747, 0.37223130464553833, 0.3251517415046692, 0.2812897861003876, 0.2782818377017975, 0.3001517951488495, 0.232784703373909, 0.32342424988746643, 0.3437729775905609, 0.2756460905075073, 0.36275264620780945, 0.24589461088180542, 0.3498972952365875, 0.2696648836135864, 0.2372422069311142, 0.30115336179733276, 0.28025132417678833, 0.34099891781806946, 0.30717048048973083, 0.29816126823425293, 0.26250532269477844, 0.2966649830341339, 0.33596715331077576, 0.32554391026496887, 0.38763517141342163, 0.3266765773296356, 0.34906646609306335, 0.28009459376335144, 0.33657121658325195, 0.3058883249759674, 0.3174595534801483, 0.3493248224258423, 0.3536446988582611, 0.37407246232032776, 0.34851205348968506, 0.30591684579849243, 0.3270469307899475, 0.30725210905075073, 0.35111838579177856, 0.2814655303955078, 0.4141067862510681, 0.3727806508541107, 0.25677379965782166, 0.36017677187919617, 0.3117254674434662, 0.3261276185512543, 0.27706441283226013, 0.31648170948028564, 0.3044046461582184, 0.3596544563770294, 0.2672964632511139, 0.3572041392326355, 0.3076610565185547, 0.3174174726009369, 0.26362812519073486, 0.40352609753608704, 0.32556334137916565, 0.27431198954582214]
class_distribution: [55, 127]
