client_id: 2
epoch: 7
accuracy: 0.7802197802197802
feature_means: [1.3458834886550903, -0.29135361313819885, -0.7054681181907654, 0.8405967354774475, -0.6834567785263062, -1.1533204317092896, -0.8041163682937622, 0.66489177942276, -0.08140268176794052, -0.19958680868148804, 0.12268932163715363, 0.012202221900224686, -0.6206145882606506, -0.29442358016967773, -0.8499289751052856, 0.20361587405204773, 0.814704418182373, 0.20590698719024658, -0.5503102540969849, 0.04433678090572357, 0.12016785889863968, -0.37758365273475647, 0.48410022258758545, -0.13601644337177277, 1.4619706869125366, 0.4569703936576843, -0.39767417311668396, -0.31733468174934387, -0.2534066140651703, 1.2938412427902222, -0.9243554472923279, 1.3217474222183228, 1.0857305526733398, -0.07145362347364426, -0.831385612487793, 0.4792785346508026, -1.175138235092163, 0.6603751182556152, 1.082892894744873, 1.2686729431152344, 0.8468479514122009, 0.5786892771720886, -0.9962303042411804, 0.49279794096946716, -1.5187212228775024, -0.9898844957351685, 1.6981256008148193, 1.5020322799682617, -0.1431802660226822, 1.2523549795150757, -0.5255500078201294, -0.8828689455986023, 0.6903921961784363, -1.0291939973831177, -0.015803705900907516, 1.0080121755599976, -0.3002532422542572, 0.9993736147880554, 0.169418603181839, -1.0085077285766602, 0.49454930424690247, 1.3088955879211426, -0.38185426592826843, -0.12234976142644882]
feature_stds: [0.319969117641449, 0.24709518253803253, 0.3064282238483429, 0.28885555267333984, 0.2528839409351349, 0.3571130931377411, 0.27240249514579773, 0.2799341380596161, 0.2503039836883545, 0.2301727533340454, 0.2270020991563797, 0.2931719422340393, 0.3000307083129883, 0.22394804656505585, 0.3131999969482422, 0.2258615493774414, 0.2678395211696625, 0.26471957564353943, 0.3118637800216675, 0.27437323331832886, 0.21484020352363586, 0.2984834611415863, 0.2235051542520523, 0.31242993474006653, 0.3268880248069763, 0.2720588147640228, 0.3031767010688782, 0.2777644991874695, 0.23942320048809052, 0.29192835092544556, 0.2909108102321625, 0.4044206440448761, 0.31909751892089844, 0.21946392953395844, 0.30107665061950684, 0.25041574239730835, 0.36612412333488464, 0.31722280383110046, 0.31736549735069275, 0.37177926301956177, 0.3389412760734558, 0.28741946816444397, 0.40361514687538147, 0.24733984470367432, 0.3783326745033264, 0.28921446204185486, 0.4064702093601227, 0.3525589108467102, 0.2691006660461426, 0.2865825593471527, 0.3188658654689789, 0.33474528789520264, 0.24773921072483063, 0.2927648425102234, 0.27901068329811096, 0.35649093985557556, 0.22547471523284912, 0.38103583455085754, 0.2491057962179184, 0.4025495946407318, 0.2738388180732727, 0.4099513590335846, 0.2717045247554779, 0.23123925924301147]
class_distribution: [40, 142]
