client_id: 2
epoch: 4
accuracy: 0.7802197802197802
feature_means: [0.7670638561248779, -0.7522700428962708, -0.702415943145752, 0.9328886866569519, -0.010660030879080296, -1.1825165748596191, -0.23130932450294495, 1.2890148162841797, -0.004205008968710899, -0.15638764202594757, 0.6601631045341492, 0.6656226515769958, 0.14799971878528595, 0.8043287396430969, -0.6488162279129028, -0.39592111110687256, 1.2643284797668457, -0.34087419509887695, -0.5213479399681091, 0.8644494414329529, -0.13045848906040192, -0.5083624124526978, 0.802269458770752, 0.11150994151830673, 0.8232939839363098, 0.9153794646263123, 0.09206761419773102, -0.34087303280830383, -0.5390540361404419, 0.6974571347236633, -0.9502695202827454, 0.8998581767082214, 0.6802136898040771, 0.16821356117725372, -0.567734956741333, -0.09423251450061798, -0.7466272115707397, 0.2954252362251282, 0.7141756415367126, 0.8303971886634827, 1.6129916906356812, -0.3477839231491089, -0.42192158102989197, 0.10078252106904984, -0.7289771437644958, -0.20499055087566376, 1.526942491531372, 1.0942000150680542, -0.00047275752876885235, 0.8176844120025635, -0.03547300770878792, -0.8736914396286011, 0.12824781239032745, -0.6622405648231506, 0.04596487060189247, 1.2415136098861694, 0.1483851671218872, 0.7510438561439514, -0.06577783823013306, -0.2166365683078766, -0.10229695588350296, 1.2138817310333252, -0.9963324666023254, -0.4238293766975403]
feature_stds: [0.41378501057624817, 0.37336257100105286, 0.436542272567749, 0.43497103452682495, 0.32736140489578247, 0.5129646062850952, 0.38354483246803284, 0.4308262765407562, 0.35236239433288574, 0.3646192252635956, 0.4183707535266876, 0.38287776708602905, 0.28226593136787415, 0.44106006622314453, 0.3244737684726715, 0.3783383071422577, 0.47645848989486694, 0.32109421491622925, 0.40494856238365173, 0.4140997529029846, 0.3224288821220398, 0.44238418340682983, 0.37831106781959534, 0.350168377161026, 0.3751373291015625, 0.4402577579021454, 0.3233634829521179, 0.40016651153564453, 0.38704150915145874, 0.3650800287723541, 0.4228609800338745, 0.44826462864875793, 0.39186859130859375, 0.3315482437610626, 0.41528555750846863, 0.4673677384853363, 0.389013409614563, 0.4180247485637665, 0.3938947319984436, 0.43930381536483765, 0.47165146470069885, 0.34953606128692627, 0.36378830671310425, 0.4145047068595886, 0.38944530487060547, 0.33195042610168457, 0.5159415006637573, 0.4760438799858093, 0.3876790702342987, 0.3742745518684387, 0.3804705739021301, 0.4103582203388214, 0.35883116722106934, 0.41371995210647583, 0.3732689619064331, 0.42896029353141785, 0.3371526896953583, 0.3887283504009247, 0.3946339786052704, 0.39406248927116394, 0.33940091729164124, 0.43215665221214294, 0.4150570034980774, 0.4044054448604584]
class_distribution: [40, 142]
