client_id: 1
epoch: 9
accuracy: 0.7142857142857143
feature_means: [1.4037081003189087, -0.015674680471420288, -0.9821030497550964, 0.6056241989135742, -0.5324179530143738, -0.47145897150039673, -0.668412446975708, 0.7401360273361206, 0.13340090215206146, 0.21754394471645355, -0.28175076842308044, -0.369409441947937, -1.2230310440063477, -0.21728411316871643, -1.3812463283538818, 0.8970293402671814, 0.9073308706283569, 0.11870508641004562, -1.0901421308517456, -0.04884687438607216, 0.3484385013580322, -0.30302542448043823, 0.3069067597389221, 0.09312037378549576, 1.3171641826629639, -0.04819716885685921, -0.7574708461761475, 0.03581840544939041, -0.2680891156196594, 1.6144187450408936, -0.6905443072319031, 1.103355884552002, 1.6793290376663208, 0.25357285141944885, -1.3316253423690796, 0.3052910566329956, -0.9638417959213257, 1.1015301942825317, 1.2896246910095215, 1.5773766040802002, 1.2099039554595947, 0.5258724093437195, -1.3626774549484253, 0.17368240654468536, -1.337324857711792, -0.8257521986961365, 1.8568094968795776, 1.9383727312088013, -0.4343361556529999, 1.15654456615448, -1.0604746341705322, -0.16646404564380646, 0.8479347825050354, -1.3579281568527222, 0.995982825756073, 1.6310956478118896, 0.1206611916422844, 1.3454395532608032, 0.362653911113739, -0.9806250929832458, 0.9717718958854675, 1.861279010772705, -0.15494969487190247, -0.07322875410318375]
feature_stds: [0.27098000049591064, 0.23167641460895538, 0.23686257004737854, 0.2501964569091797, 0.22334159910678864, 0.2670583128929138, 0.30276188254356384, 0.2313762754201889, 0.3069983124732971, 0.22947430610656738, 0.24005475640296936, 0.2861587107181549, 0.2416972666978836, 0.2815280258655548, 0.3504132032394409, 0.29675957560539246, 0.2606266736984253, 0.27714136242866516, 0.24297931790351868, 0.250537246465683, 0.23575158417224884, 0.32284674048423767, 0.24865858256816864, 0.21003539860248566, 0.24869373440742493, 0.2496277242898941, 0.22967998683452606, 0.2369638979434967, 0.19043739140033722, 0.27865707874298096, 0.251598596572876, 0.25123414397239685, 0.2929041087627411, 0.18407821655273438, 0.3679220974445343, 0.23234914243221283, 0.22748073935508728, 0.2930959165096283, 0.309856116771698, 0.3461065888404846, 0.241498202085495, 0.2377871572971344, 0.323719322681427, 0.2503799796104431, 0.2603205442428589, 0.29778847098350525, 0.3321227431297302, 0.34834834933280945, 0.2867223024368286, 0.22820642590522766, 0.2642432451248169, 0.23085027933120728, 0.271780401468277, 0.30689021944999695, 0.3206564784049988, 0.29558849334716797, 0.23035646975040436, 0.267229825258255, 0.2511662244796753, 0.19417858123779297, 0.2608392834663391, 0.3711598813533783, 0.25776639580726624, 0.23162145912647247]
class_distribution: [52, 130]
