client_id: 2
epoch: 3
accuracy: 0.7802197802197802
feature_means: [0.5318118929862976, -0.801663339138031, -0.7354133725166321, 0.305421382188797, -0.08351299911737442, -0.902852475643158, -0.3699245750904083, 1.0415599346160889, 0.01417473517358303, -0.6695787906646729, 1.0380975008010864, 0.8817978501319885, 0.41448286175727844, 0.63176429271698, -0.5514994263648987, -0.46069812774658203, 0.8914625644683838, -0.620657742023468, -0.6820505261421204, 0.7083421349525452, -0.44576480984687805, -0.6287387609481812, 0.4254324436187744, 0.23994910717010498, 0.4526626765727997, 0.6921712756156921, 0.43436118960380554, -0.960829496383667, -0.005501929204910994, 0.5523625016212463, -0.7064058184623718, 0.613277792930603, 0.5896010994911194, 0.13683493435382843, -0.26442795991897583, -0.003125997958704829, -0.6494515538215637, 0.21206139028072357, 0.34753790497779846, 0.7423656582832336, 0.7139255404472351, -0.0010401072213426232, -0.6918304562568665, 0.1358608454465866, -0.8784703016281128, -0.10088653117418289, 1.0383816957473755, 0.6337485909461975, 0.18678225576877594, 0.6187137365341187, -0.018121328204870224, -1.1529799699783325, 0.3256656229496002, -0.6326435208320618, -0.06160098314285278, 0.7822785973548889, 0.6328473687171936, 0.5121808648109436, -0.6242300868034363, 0.006162479054182768, -0.24301958084106445, 0.713432788848877, -0.9999999403953552, 0.1726975440979004]
feature_stds: [0.4720876216888428, 0.48705586791038513, 0.5450968742370605, 0.540019690990448, 0.42769482731819153, 0.5339077711105347, 0.41745153069496155, 0.6012662649154663, 0.46912282705307007, 0.5051626563072205, 0.48517316579818726, 0.4755576550960541, 0.3669659197330475, 0.4844529628753662, 0.45855897665023804, 0.45655357837677, 0.522373378276825, 0.46602192521095276, 0.43144458532333374, 0.5291874408721924, 0.42937445640563965, 0.49067509174346924, 0.47102367877960205, 0.44838544726371765, 0.4474937319755554, 0.5602884292602539, 0.4550071656703949, 0.5875045657157898, 0.48133495450019836, 0.4995358884334564, 0.5434601902961731, 0.508601188659668, 0.49706152081489563, 0.49061161279678345, 0.5416465401649475, 0.4345669150352478, 0.4743122458457947, 0.5860432982444763, 0.5542741417884827, 0.5464602112770081, 0.6398745179176331, 0.4313803017139435, 0.48373469710350037, 0.5134304761886597, 0.44033679366111755, 0.4224400520324707, 0.5150042772293091, 0.5506826639175415, 0.49243032932281494, 0.5113173127174377, 0.5547351241111755, 0.4542575478553772, 0.47869738936424255, 0.4670462906360626, 0.45862606167793274, 0.45751747488975525, 0.4431045353412628, 0.525158166885376, 0.49823129177093506, 0.5162152051925659, 0.4502682387828827, 0.5539378523826599, 0.5800247192382812, 0.4419843852519989]
class_distribution: [40, 142]
