client_id: 1
epoch: 1
accuracy: 0.7142857142857143
feature_means: [0.2998162508010864, -0.5950791835784912, -0.1424279510974884, -0.2941204905509949, 0.06321298331022263, -0.20096682012081146, -0.15422660112380981, 0.060765340924263, 0.3674200773239136, -0.2658083736896515, 0.5383923649787903, 0.3316394090652466, -0.24524948000907898, -0.07484538108110428, -0.2710712254047394, -0.30580610036849976, 0.3811085522174835, -0.5659449100494385, -0.12637947499752045, -0.28015294671058655, 0.005907231476157904, -0.18721477687358856, -0.18429479002952576, 0.5454649329185486, 0.0659400150179863, 0.38652923703193665, 0.3897796869277954, -0.32594218850135803, -0.0019740425050258636, 0.35928642749786377, 0.2338923215866089, -0.014252752996981144, 0.015339437872171402, 0.12806713581085205, -0.045853257179260254, -0.6797676086425781, -0.07800211757421494, -0.9862250685691833, 0.009719908237457275, -0.3617857098579407, 0.4841729998588562, -0.05343865230679512, -0.4977515935897827, 0.3915017545223236, -0.1934732049703598, -0.29112356901168823, 0.35374027490615845, 0.417620450258255, 0.5333025455474854, -0.0841246098279953, 0.16974782943725586, -0.29753991961479187, 0.4434994161128998, -0.30095115303993225, -0.2740184962749481, 0.42106977105140686, 0.3016350567340851, -0.3135339915752411, 0.3113485872745514, 0.20707553625106812, -0.14392751455307007, 0.3827461004257202, -0.011031444184482098, 0.24327442049980164]
feature_stds: [0.9351505041122437, 0.7856600880622864, 0.910149335861206, 0.9133377075195312, 0.7801865935325623, 0.816737711429596, 0.7630884051322937, 0.8848594427108765, 0.7624920606613159, 0.8202254772186279, 0.7880919575691223, 0.8248506784439087, 0.608214795589447, 0.7690014839172363, 0.8295689821243286, 0.7404193878173828, 0.8083415627479553, 0.8332285284996033, 0.785396933555603, 0.6733466386795044, 0.6461908221244812, 0.8615314364433289, 0.765335202217102, 0.763884425163269, 0.8057166934013367, 0.9009317755699158, 0.6387948393821716, 0.67630535364151, 0.9112016558647156, 0.6806007623672485, 0.7667295336723328, 0.6963841319084167, 0.6740244030952454, 0.6599871516227722, 0.9139184951782227, 0.8608363270759583, 0.7989396452903748, 0.7098671793937683, 0.9742463827133179, 0.8802875876426697, 0.8027986288070679, 0.8051294684410095, 0.803028404712677, 0.7608175277709961, 0.7900890111923218, 0.7593615055084229, 0.7975599765777588, 1.0685092210769653, 0.8806188106536865, 0.7797282338142395, 0.8386933207511902, 0.7613188028335571, 0.8968197107315063, 0.9021310806274414, 0.7580999135971069, 0.7322478890419006, 0.7471587061882019, 0.7793331146240234, 0.7578037977218628, 0.7313396334648132, 0.7185488343238831, 0.8054687976837158, 0.7793196439743042, 0.8364559412002563]
class_distribution: [52, 130]
