client_id: 1
epoch: 10
accuracy: 0.7142857142857143
feature_means: [1.6006253957748413, 0.4370506703853607, -0.7952097058296204, -0.01234374288469553, -0.5281445980072021, -0.3140626549720764, -0.4083574712276459, 0.5685274600982666, 0.6098877787590027, 0.48017653822898865, -0.24744470417499542, -0.14654642343521118, -1.2158857583999634, -0.03427857533097267, -1.757045865058899, 0.551035463809967, 0.5600554347038269, 0.4437740743160248, -1.3278472423553467, -0.3035390377044678, 0.2821352183818817, -0.22806961834430695, 0.22160322964191437, 0.0681382268667221, 1.287977933883667, -0.21919415891170502, -1.413082242012024, 0.4047861695289612, 0.19989682734012604, 1.5941485166549683, -0.6250988245010376, 1.3693770170211792, 2.0795738697052, 0.4401482939720154, -1.4124482870101929, 0.5739740133285522, -1.0691719055175781, 1.292060375213623, 1.3716437816619873, 1.7301161289215088, 0.3764035105705261, 0.9552696943283081, -1.1754776239395142, -0.25119760632514954, -1.5439573526382446, -0.7507072687149048, 1.8214102983474731, 1.9512749910354614, -0.3500364422798157, 1.1243476867675781, -0.8607728481292725, -0.37704747915267944, 0.609072744846344, -0.987962007522583, 0.6605393886566162, 1.4734710454940796, -0.14135439693927765, 1.1753889322280884, 0.3596619963645935, -0.7648726105690002, 0.5216326713562012, 1.8993644714355469, -0.02627680078148842, 0.018422119319438934]
feature_stds: [0.4118426740169525, 0.22785720229148865, 0.3231879472732544, 0.263997882604599, 0.2217283695936203, 0.23421916365623474, 0.33657506108283997, 0.2667786180973053, 0.253223180770874, 0.30599600076675415, 0.3192943334579468, 0.4228459894657135, 0.2887055277824402, 0.2094344198703766, 0.4649709463119507, 0.4180276095867157, 0.28722265362739563, 0.2970709204673767, 0.31279346346855164, 0.2901237905025482, 0.20109882950782776, 0.26530131697654724, 0.23437602818012238, 0.3283795714378357, 0.37084561586380005, 0.30491143465042114, 0.2855921685695648, 0.27261561155319214, 0.200849249958992, 0.3216003477573395, 0.2984095513820648, 0.29339730739593506, 0.41915079951286316, 0.19998975098133087, 0.40414053201675415, 0.36724117398262024, 0.2673032283782959, 0.31041625142097473, 0.32478997111320496, 0.3093298077583313, 0.234873965382576, 0.2448856383562088, 0.29815205931663513, 0.26598164439201355, 0.37985682487487793, 0.37631896138191223, 0.3214479088783264, 0.42123866081237793, 0.3759894073009491, 0.3919852077960968, 0.3028137683868408, 0.29339852929115295, 0.2083723545074463, 0.2946820557117462, 0.2517094910144806, 0.36798858642578125, 0.2529582381248474, 0.3464395999908447, 0.3032257854938507, 0.2297370433807373, 0.24167737364768982, 0.39562079310417175, 0.25745004415512085, 0.3146335184574127]
class_distribution: [52, 130]
