client_id: 2
epoch: 10
accuracy: 0.7802197802197802
feature_means: [1.6009565591812134, 0.4408906400203705, -0.7936300039291382, -0.028851449489593506, -0.502455472946167, -0.28400328755378723, -0.37160706520080566, 0.5786133408546448, 0.5967625975608826, 0.4309084415435791, -0.27071303129196167, -0.09881073236465454, -1.239264965057373, -0.03981421887874603, -1.7385523319244385, 0.5312067270278931, 0.5384842157363892, 0.4292510449886322, -1.2681981325149536, -0.3077651858329773, 0.2819642126560211, -0.22718609869480133, 0.23797188699245453, 0.05859251692891121, 1.2805585861206055, -0.23593240976333618, -1.3885947465896606, 0.42005330324172974, 0.16982965171337128, 1.5860689878463745, -0.6000754237174988, 1.3587161302566528, 2.082965612411499, 0.4622495770454407, -1.3972381353378296, 0.5349241495132446, -1.0410988330841064, 1.2711941003799438, 1.3752707242965698, 1.704158902168274, 0.3629966676235199, 0.9488983154296875, -1.1298614740371704, -0.209005206823349, -1.5579010248184204, -0.7632520198822021, 1.8177049160003662, 1.9143751859664917, -0.37501606345176697, 1.144454002380371, -0.8661701679229736, -0.33094656467437744, 0.5823454260826111, -0.9835382699966431, 0.6479039192199707, 1.4541209936141968, -0.1320793777704239, 1.1869499683380127, 0.36540311574935913, -0.7175338268280029, 0.5347561240196228, 1.856588363647461, -0.035355471074581146, 0.026123706251382828]
feature_stds: [0.41382884979248047, 0.25652357935905457, 0.3020859658718109, 0.25391942262649536, 0.25431928038597107, 0.23920504748821259, 0.2914459705352783, 0.2538151443004608, 0.24975056946277618, 0.288528710603714, 0.33445677161216736, 0.41501253843307495, 0.2838001549243927, 0.20131736993789673, 0.4239228069782257, 0.429548054933548, 0.27845174074172974, 0.290254682302475, 0.28466054797172546, 0.27114343643188477, 0.19490946829319, 0.291533499956131, 0.23887039721012115, 0.31319892406463623, 0.3892592191696167, 0.2684057056903839, 0.31101393699645996, 0.2675275504589081, 0.2064407616853714, 0.3266899287700653, 0.3091825842857361, 0.29539868235588074, 0.40675869584083557, 0.21697351336479187, 0.3790965974330902, 0.386696994304657, 0.25243258476257324, 0.3177783787250519, 0.34389039874076843, 0.32801154255867004, 0.2381911277770996, 0.2664487361907959, 0.2884015142917633, 0.2622462809085846, 0.348699152469635, 0.36168336868286133, 0.31592345237731934, 0.4197719097137451, 0.3673541247844696, 0.39678722620010376, 0.3063680827617645, 0.28218600153923035, 0.22873495519161224, 0.2604973018169403, 0.24871021509170532, 0.34443265199661255, 0.2430281937122345, 0.3605334162712097, 0.260796457529068, 0.21950334310531616, 0.2446555197238922, 0.4002741873264313, 0.26557043194770813, 0.312488853931427]
class_distribution: [40, 142]
