client_id: 2
epoch: 2
accuracy: 0.7802197802197802
feature_means: [0.29563140869140625, -0.3565079867839813, -0.42856353521347046, 0.5665938258171082, 0.49774232506752014, -0.3842291831970215, -0.08462352305650711, 0.7587739825248718, -0.2757667601108551, -0.3645978569984436, 0.7970580458641052, 0.8115894198417664, 0.03622155264019966, 0.502013623714447, 0.08596638590097427, -0.6204791069030762, 0.6071007251739502, -0.5310366153717041, -0.25443825125694275, -0.10606176406145096, -0.21997788548469543, -0.7367066740989685, 0.21511892974376678, 0.1291186809539795, 0.3135468065738678, 0.5649985671043396, 0.42959606647491455, -0.6283659338951111, 0.14486147463321686, 0.3252179026603699, -0.2924307882785797, 0.47457054257392883, 0.2453032284975052, 0.6046674251556396, -0.3246842324733734, -0.712586522102356, -0.22783537209033966, -0.3529805541038513, 0.36690399050712585, 0.4363061785697937, 0.31382057070732117, -0.6049759387969971, -0.291687548160553, -0.04873475432395935, -0.041584521532058716, 0.14661796391010284, 0.9855928421020508, 0.31848445534706116, 0.7042278051376343, 0.7989360094070435, 0.8664385676383972, -0.479696124792099, 0.015671053901314735, -1.0151749849319458, -0.4953160583972931, 0.7221595048904419, 0.9477877020835876, 0.8271182775497437, -0.5240302681922913, 0.6303317546844482, -0.27691182494163513, 0.5680390000343323, -0.6356750130653381, 0.0762442946434021]
feature_stds: [0.5590019822120667, 0.6376410722732544, 0.5283985137939453, 0.669542133808136, 0.6265107989311218, 0.5745278596878052, 0.5996878743171692, 0.606113612651825, 0.6200026869773865, 0.614883542060852, 0.5639203190803528, 0.5548398494720459, 0.5464072227478027, 0.5836560726165771, 0.5076648592948914, 0.5909538269042969, 0.6599377989768982, 0.607370138168335, 0.6032634973526001, 0.5110517144203186, 0.5077080726623535, 0.5978096723556519, 0.5924373865127563, 0.6132229566574097, 0.6026009917259216, 0.6721338033676147, 0.5909605026245117, 0.5697718858718872, 0.5197877287864685, 0.5445029735565186, 0.6322558522224426, 0.6125561594963074, 0.5032927393913269, 0.5589724779129028, 0.5873698592185974, 0.5163584351539612, 0.48913490772247314, 0.7221540808677673, 0.5835381746292114, 0.6745301485061646, 0.7377251386642456, 0.6043885350227356, 0.5450944900512695, 0.6759436726570129, 0.5298940539360046, 0.5798994898796082, 0.612794816493988, 0.6135005354881287, 0.6748342514038086, 0.5558117628097534, 0.5901220440864563, 0.5883226990699768, 0.6072527170181274, 0.6015468239784241, 0.5861414670944214, 0.5604637265205383, 0.6271151304244995, 0.5635349750518799, 0.6311106085777283, 0.6273438334465027, 0.5402647852897644, 0.5488837361335754, 0.6850100755691528, 0.5698732733726501]
class_distribution: [40, 142]
