client_id: 0
epoch: 10
accuracy: 0.6978021978021978
feature_means: [1.6718535423278809, 0.4215288758277893, -0.8101636171340942, -0.03924315795302391, -0.5369702577590942, -0.310703843832016, -0.4602970778942108, 0.5780670046806335, 0.6278783082962036, 0.49270740151405334, -0.3294120132923126, -0.2068483680486679, -1.2591453790664673, -0.041738566011190414, -1.8490514755249023, 0.63277268409729, 0.5877402424812317, 0.46488356590270996, -1.374867558479309, -0.3305087685585022, 0.31257790327072144, -0.19160392880439758, 0.24550917744636536, 0.13341274857521057, 1.3345369100570679, -0.2246105670928955, -1.448493480682373, 0.47655683755874634, 0.1907079666852951, 1.606849193572998, -0.6512952446937561, 1.40242338180542, 2.130697250366211, 0.40954628586769104, -1.5022451877593994, 0.6406219005584717, -1.067340612411499, 1.3443810939788818, 1.360535979270935, 1.7385756969451904, 0.39012983441352844, 1.0027058124542236, -1.1784909963607788, -0.25320544838905334, -1.5918278694152832, -0.7074849009513855, 1.8186322450637817, 1.9652997255325317, -0.4665085971355438, 1.145878791809082, -0.8932448029518127, -0.33282017707824707, 0.631097674369812, -1.0194544792175293, 0.6550210118293762, 1.5328298807144165, -0.13277529180049896, 1.1684834957122803, 0.304412841796875, -0.7224851250648499, 0.5073074102401733, 1.901260256767273, -0.017839137464761734, -0.04096514731645584]
feature_stds: [0.4364919364452362, 0.24134783446788788, 0.3147790729999542, 0.2644575536251068, 0.24522578716278076, 0.23859642446041107, 0.30949848890304565, 0.254778653383255, 0.2616598606109619, 0.3133574426174164, 0.31242257356643677, 0.4187817871570587, 0.2997500002384186, 0.23565031588077545, 0.4503066837787628, 0.44706377387046814, 0.2796163558959961, 0.28909724950790405, 0.3041935861110687, 0.2771897614002228, 0.1954686939716339, 0.279240220785141, 0.2451852709054947, 0.33165815472602844, 0.3999960422515869, 0.2820993959903717, 0.3128296434879303, 0.27695927023887634, 0.18002468347549438, 0.30669933557510376, 0.3271677494049072, 0.32111966609954834, 0.40930214524269104, 0.2166161835193634, 0.43064725399017334, 0.40862327814102173, 0.2577887773513794, 0.32533344626426697, 0.34554046392440796, 0.3266720771789551, 0.2510395050048828, 0.2724607586860657, 0.3163197636604309, 0.2389836311340332, 0.39294102787971497, 0.3821772634983063, 0.37842854857444763, 0.38981306552886963, 0.38313981890678406, 0.4342441260814667, 0.33064019680023193, 0.3140678107738495, 0.218390092253685, 0.2776871621608734, 0.2326464056968689, 0.3148716986179352, 0.24496248364448547, 0.3351271450519562, 0.2909837067127228, 0.2597137689590454, 0.26003730297088623, 0.42888274788856506, 0.26492100954055786, 0.3223256766796112]
class_distribution: [55, 127]
