client_id: 2
epoch: 5
accuracy: 0.7802197802197802
feature_means: [0.7901157140731812, -0.4961383640766144, -0.788793683052063, 0.7382546067237854, -0.35505110025405884, -0.86506587266922, -0.7589223384857178, 0.8032702803611755, -0.08778611570596695, -0.472575843334198, 0.6322023272514343, 0.7206080555915833, -0.2689577341079712, 0.5963709354400635, -0.9215666651725769, 0.04876057803630829, 1.0010130405426025, 0.12323719263076782, -0.6032924652099609, 0.4310053586959839, -0.2084626853466034, 0.024647340178489685, 0.7356356382369995, -0.1465303748846054, 0.8437883853912354, 0.7631491422653198, 0.12907789647579193, -0.8163619041442871, -0.3030778765678406, 0.9253295063972473, -0.8509494662284851, 0.8900312781333923, 1.0549818277359009, 0.18673831224441528, -0.6026859283447266, 0.029613973572850227, -0.7756810188293457, 0.5971478223800659, 0.7907216548919678, 0.6377480626106262, 0.5794352293014526, -0.050063446164131165, -0.6020169854164124, 0.33470630645751953, -0.7352798581123352, -0.4154852032661438, 1.3548794984817505, 1.1273378133773804, 0.07617195695638657, 0.8102496862411499, -0.36368271708488464, -0.9359015226364136, 0.322325736284256, -0.8645390868186951, 0.2713638246059418, 1.0922833681106567, 0.4023776352405548, 0.7205179333686829, -0.010725397616624832, -0.3745059669017792, -0.11423733830451965, 1.0689104795455933, -0.9792098999023438, -0.36520063877105713]
feature_stds: [0.38426655530929565, 0.3839471936225891, 0.3769325017929077, 0.39005234837532043, 0.3719598650932312, 0.41514095664024353, 0.35959047079086304, 0.3422911763191223, 0.3284890651702881, 0.39287877082824707, 0.32410019636154175, 0.3675018548965454, 0.30251386761665344, 0.36328575015068054, 0.38410675525665283, 0.3551144003868103, 0.4476185142993927, 0.3363966941833496, 0.3425886929035187, 0.3600847125053406, 0.26962903141975403, 0.3217896521091461, 0.4500442445278168, 0.3426077961921692, 0.3896445631980896, 0.42475005984306335, 0.29825764894485474, 0.38724690675735474, 0.3534148037433624, 0.3857644498348236, 0.4440363645553589, 0.3915417492389679, 0.36126601696014404, 0.33838024735450745, 0.3682979941368103, 0.3460586667060852, 0.35579022765159607, 0.3603851795196533, 0.47674599289894104, 0.39446592330932617, 0.40878865122795105, 0.314851850271225, 0.38060232996940613, 0.3940376043319702, 0.3312242031097412, 0.29625388979911804, 0.43907684087753296, 0.4794104993343353, 0.31438857316970825, 0.3970310389995575, 0.33537834882736206, 0.470925509929657, 0.3294951915740967, 0.4329957067966461, 0.3225615620613098, 0.3785538077354431, 0.29718250036239624, 0.37953677773475647, 0.33130496740341187, 0.32002589106559753, 0.3241293728351593, 0.4998413324356079, 0.4904041290283203, 0.3443180024623871]
class_distribution: [40, 142]
