client_id: 2
epoch: 8
accuracy: 0.7802197802197802
feature_means: [1.2879239320755005, -0.03318958729505539, -0.9516559839248657, 0.33210432529449463, -0.6780804395675659, -0.1700226217508316, -0.5262446999549866, 0.5438206195831299, 0.14047516882419586, 0.2699248790740967, -0.15169398486614227, -0.22860752046108246, -1.1418404579162598, -0.256080687046051, -1.8103859424591064, 0.8451650142669678, 0.6197763085365295, 0.1926388144493103, -1.328000783920288, -0.01692293956875801, 0.45146963000297546, -0.17496676743030548, 0.09407809376716614, 0.367572158575058, 1.0813848972320557, 0.6275697350502014, -0.816433846950531, 0.24362851679325104, -0.11468389630317688, 1.2377983331680298, -0.8332418203353882, 1.1941882371902466, 1.6818100214004517, 0.39328086376190186, -1.288252353668213, 0.18690107762813568, -1.1568695306777954, 0.8037081956863403, 1.3857861757278442, 1.894517183303833, 1.039998173713684, 0.9143180251121521, -0.9356850385665894, 0.5937299132347107, -1.2326213121414185, -1.3771883249282837, 1.947473168373108, 1.8809736967086792, -0.40463027358055115, 1.323190450668335, -0.28431928157806396, -0.5958593487739563, 0.8745743632316589, -1.624414086341858, 0.73512864112854, 1.9178298711776733, -0.0889672115445137, 1.2420051097869873, 0.07877947390079498, -1.1062623262405396, 0.0011321502970531583, 1.9079062938690186, -0.39497533440589905, -0.28438568115234375]
feature_stds: [0.3699624240398407, 0.20830558240413666, 0.2645608186721802, 0.22766530513763428, 0.19822001457214355, 0.23322558403015137, 0.24669118225574493, 0.210161030292511, 0.2687048017978668, 0.24376511573791504, 0.23243121802806854, 0.21207937598228455, 0.28271347284317017, 0.21487632393836975, 0.4072249233722687, 0.242628812789917, 0.23596632480621338, 0.24116702377796173, 0.31054845452308655, 0.23664581775665283, 0.22532981634140015, 0.24964849650859833, 0.24398548901081085, 0.2288573533296585, 0.22723980247974396, 0.29060402512550354, 0.2853565812110901, 0.22200730443000793, 0.2977912425994873, 0.2992737889289856, 0.24749337136745453, 0.2672896683216095, 0.36667484045028687, 0.19414399564266205, 0.26523357629776, 0.2270287573337555, 0.2670119106769562, 0.25070491433143616, 0.30900612473487854, 0.420030802488327, 0.31838738918304443, 0.2569853961467743, 0.3279941976070404, 0.2585439682006836, 0.2664628326892853, 0.2827615737915039, 0.3854459226131439, 0.44874173402786255, 0.228540301322937, 0.2844008803367615, 0.2570563852787018, 0.315731942653656, 0.32046186923980713, 0.2779509425163269, 0.2799310088157654, 0.3692822754383087, 0.1865999847650528, 0.2707001566886902, 0.23814542591571808, 0.2755579948425293, 0.21423791348934174, 0.36170145869255066, 0.23116537928581238, 0.19540271162986755]
class_distribution: [40, 142]
