client_id: 2
epoch: 1
accuracy: 0.7802197802197802
feature_means: [0.13169266283512115, -0.46741172671318054, -0.2194308042526245, -0.20780129730701447, 0.0027229543775320053, -0.050217680633068085, -0.11926991492509842, 0.13951829075813293, 0.3559401035308838, -0.39980390667915344, 0.6133553385734558, 0.35503941774368286, -0.3197804093360901, -0.007040274795144796, -0.08006495982408524, -0.342789888381958, 0.6023930907249451, -0.6050375699996948, -0.28163859248161316, -0.3621428906917572, 0.08312558382749557, 0.09206566214561462, -0.10230468213558197, 0.5119863152503967, 0.050939738750457764, 0.3651268780231476, 0.250728577375412, -0.4103792905807495, 0.05582660064101219, 0.3228354752063751, 0.44180893898010254, -0.1630116105079651, -0.0321296788752079, 0.21692992746829987, -0.07348901778459549, -0.7559373378753662, 0.0595395490527153, -0.9729593396186829, -0.058527588844299316, -0.3475656509399414, 0.2639977037906647, -0.06070338934659958, -0.40817922353744507, 0.49621304869651794, -0.16351717710494995, -0.1832839399576187, 0.21739104390144348, 0.4758005738258362, 0.5117304921150208, -0.008014863356947899, 0.16340762376785278, -0.3150556981563568, 0.4840143918991089, -0.13804374635219574, -0.2715228497982025, 0.4289129376411438, 0.3197636008262634, -0.33019766211509705, 0.1754167675971985, 0.14293324947357178, -0.06702017039060593, 0.382609099149704, -0.024062013253569603, 0.16307829320430756]
feature_stds: [0.8908162713050842, 0.7935842871665955, 1.0043731927871704, 0.921962320804596, 0.8049402236938477, 0.8414826393127441, 0.824103593826294, 0.9353190064430237, 0.7381589412689209, 0.7848158478736877, 0.6439638137817383, 0.7523354291915894, 0.7071600556373596, 0.8590351939201355, 0.8389132022857666, 0.780246376991272, 0.7904316782951355, 0.7323704361915588, 0.7659635543823242, 0.682020902633667, 0.6771488785743713, 0.928220808506012, 0.6749125123023987, 0.8502330780029297, 0.6682302355766296, 0.8265323638916016, 0.685069739818573, 0.7363300919532776, 0.8854196071624756, 0.773440957069397, 0.7804800868034363, 0.7003917694091797, 0.7197014093399048, 0.7193187475204468, 0.9568403959274292, 0.9034157991409302, 0.8772823214530945, 0.7617031335830688, 1.0312992334365845, 0.9366309642791748, 0.8407931327819824, 0.7568440437316895, 0.8580065965652466, 0.8141434788703918, 0.7273238301277161, 0.7447013854980469, 0.8427374958992004, 0.9976197481155396, 0.7880183458328247, 0.7445803284645081, 0.7895616888999939, 0.7734999060630798, 0.8881770968437195, 0.8121666312217712, 0.741438090801239, 0.7596200704574585, 0.7512801885604858, 0.8139261603355408, 0.7462142705917358, 0.8616185188293457, 0.787909209728241, 0.7772014141082764, 0.914984405040741, 0.7959060668945312]
class_distribution: [40, 142]
